10110110011110010010111011111100001111101000000000011101110100011110111111011011000
10011000000101101011010101000101111100011101011010111100011101001010111101100101110
00001001010111000111011101111101010101010000110001100001101010111101111101001111011
10010010111001011010010000110111110110000100100010111011000110111100000001100101111
11010000011100011111111000010111010100001100001010011001010101010000110101101111111
01001011000100100000111100000001111000001111011001001010101010000100001101000010001
10101011000000101110000000101011101000010001110100100101011101110100101111000111110
10101111011101111000101001010001101100101100111001110111001100101100011111001100000
11010000100110001000010001110000000000100101001110101110010100011101110001000111110
10111111000000101111101010100000001001101101111110000001111101110101001100000101100
00111010001111000101011111101011101101010010100010111100011100000001010101110111111
101101100101010011100111011110101011011